$a	0	4	24,68,28,46,246,468,268,248
%0	4*8
	#l	0	500
	#l	3.9	600
$a	32	0.25*2	8,6,4,2,*12,9,7,5,3,*12,8,6,4,2,*12,7,5,3,1,*12
%32	4*8
	#l	2	450
	#l	4	550
$a	64	0.25	8,6,4,2,*4,8,6,4,2,*4,9,7,5,3,*4,9,7,5,3,*4,8,6,4,2,*4,8,6,4,2,*4,7,5,3,1,*4,7,5,3,1
%64	2*8
	#l	1	450
	#l	2	550
#l	84	500
$a	84	0.25*2	1,2,3,4,5,6,7,8,1,2,3,4,5,6,7,8,2,3,4,5,6,7,8,9,2,3,4,5,6,7,8,9,1,2,3,5,6,7,8,9,1,2,3,5,6,7,8,9,1,2,3,4,5,7,8,9,1,2,3,4,5,7,8,9
$a	116	0.25*2	1,2,3,4,9,8,7,6,1,2,3,4,9,8,7,6,4,3,2,1,6,7,8,9,4,3,2,1,6,7,8,9,1,2,3,5,9,8,7,5,1,2,3,5,9,8,7,5,1,3,5,3,9,7,5,7,1,3,5,3,9,7,5,7
$a	148	0.25*2	4,3,2,1,4,3,2,1,4,3,2,1,4,3,2,1,1,2,3,4,1,2,3,4,1,2,3,4,1,2,3,4,1,2,3,4,1,2,3,4,1,2,3,4,1,2,3,4,4,3,2,1,4,3,2,1,4,3,2,1,4,3,2,1
$a	148	0.25*2	6,7,8,9,6,7,8,9,6,7,8,9,6,7,8,9,9,8,7,6,9,8,7,6,9,8,7,6,9,8,7,6,6,7,8,9,6,7,8,9,6,7,8,9,6,7,8,9,9,8,7,6,9,8,7,6,9,8,7,6,9,8,7,6
$a	180	0.25*2	1,3,5,7,2,4,6,8,1,3,5,7,2,4,6,8,3,5,7,9,2,4,6,8,3,5,7,9,2,4,6,8,1,4,7,4,3,6,9,6,1,4,7,4,3,6,9,6,1,7,4,1,3,9,6,3,1,7,4,1,3,9,6,3
$?	212	0.25	0*64
%100	16*8
	#f	0
#l	212	500
#l	228	300