#s	0	200
$a	0	4*4	3,4,3,2
#l	32	500
#f	32
%32	4*8
	#l	2	450
	#l	4	550
#f	64
$b	64	2	3,3,4,4,3,3,2,2
%64	2*8
	#l	1	450
	#l	2	550
#l	84	450
$b	84	1*2	3,3,3,3,4,4,4,4,3,3,3,3,2,2,2,2
%84	4*16
	#l	3.5	550
	#l	4	450
#f	100
#f	116
#l	116	500
$b	116	1*2	3,7,3,7,4,8,4,8,3,7,3,7,2,6,2,6
#l	146	500
#l	148	300
#s	148	300
$b	148	0.5*2	3,7,3,7,3,7,3,7,4,8,4,8,4,8,4,8,3,7,3,7,3,7,3,7,2,6,2,6,2,6,2,6
%148	2*16
	#d	0
#l	178	300
#l	180	100
#d	180
$b	180	0.5*2	3,7,3,7,3,7,3,7,4,8,4,8,4,8,4,8,3,7,3,7,3,7,3,7,2,6,2,6,2,6,2,6
%180	2*16
	#l	1	150
	#l	2	50
$b	212	4	37,48,37,26