$a	0	0.25	3,5,*6,5,7,*6,3,6,*6,6,9,*6,5,9,*6,4,8,*6,4,7,*6,3,8
$b	0	0.5*16	,,1,1
$a	16	0.25	3,5,8,5,*4,3,5,7,5,*4,3,6,8,6,*4,2,6,9,6,*4,2,5,7,5,*4,1,4,6,4,*4,2,4,6,8,*4,2468
$a	32	0.25	3,5,,3,5,,,,5,7,,5,7,,,,3,5,,3,5,,,,8,9,,8,9,,,,8,7,6,,24,,,,8,7,6,,13,,,,19,,28,,37,,46,,2468
$b	32.5	1	1*8
$a	48	0.25	8,7,8,,7,,,,8,7,8,,7,,,,8,7,8,,7,,,,78,*7,2,3,2,,3,,,,2,3,2,,3,,,,2,3,2,,3,,,,23
$b	48	0.0625	*14,2,3,4,*29,2,3,4,*29,2,3,4,*13,2,3,4,*15,357,,,,357,,,,357,*21,8,7,6,*29,8,7,6,*29,8,7,6,*13,8,7,6
$a	64	0.25*2	6,,6,,6,,6,7,,,7,,7,,7,,8,,8,,8,,8,9,,,9,,9,,9,,4,,4,,4,,4,3,,,3,,3,,3,,2,,2,,2,,2,*9
$b	80	0.25	1*8,2*8,3*8,4*8,9*8,8*8,7*8,6*8
$a	96	0.25	3,5,*6,5,7,*6,3,6,*6,6,9,*6,5,9,*6,4,8,*6,4,7,*6,3,8
$b	96	0.5*8	,,1,1