$a	0	0.25	4,*3,4,,5,,6,,5,*3,6,*3,5,6,5,,4,,5,,4,*3,4,*3,5,,4,,5,,6,,5,*3,5,*3,5,,4,,5,,6,,7,,6,,5
$b	0	2*8	1,9
$a	16	0.25	4,*3,4,,5,,6,,5,*3,6,*3,5,6,5,,4,,6,,5,*3,4,*3,5,,5,,5,,5,,5,4,,,5,*4,5,,,4,,6,*3,5
$a	32	0.25	4,*3,4,,5,,6,,5,*3,6,*3,5,6,5,,4,,6,,5,*3,4,*3,5,,4,,5,,6,,5,*3,5,*3,5,,4,,5,,6,,7,,6,,5
$b	32	1*8	1,1,9,9
$a	48	0.25	4,*3,4,,5,,6,,5,*3,6,*3,5,6,5,,4,,5,,4,*3,4,*3,5,,5,,5,,5,,4,*3,5,*3,4,,4,,5,,6,,7,,6,,5
$a	64	0.5*2	1,*3,6,5,,3,,2,,2,6,5,,3,,2,,1,,1,2,3,,1,,2,,3,2,1
$b	64	1	7*4,8*4,9*4,8*4
$b	80	0.5	7*8,8*8,9*8,8*8
$a	96	0.25*2	6,*3,7,,8,,6,,7,*3,8,*3,8,9,8,,7,,8,,7,*3,6,*3,7,,6,,7,,8,,7,*3,7,*3,7,,6,,7,,8,,9,,8,,7,
$b	96	0.5*2	1,2,3,2,1,2,3,2,2,3,4,3,2,3,4,3,3,4,5,4,3,4,5,4,2,3,4,3,2,3,4,3
$a	128	0.25*2	46,*3,57,,68,,46,,57,*3,68,*3,68,79,68,,57,,68,,57,*3,46,*3,57,,46,,57,,68,,57,*3,57,*3,57,,46,,57,,68,,79,,68,,57,
$a	160	0.5*2	135,*3,579,468,,357,,246,,246,579,468,,357,,246,,135,,135,246,357,,135,,246,,357,246,135
$a	192	0.5*2	*4,1357,2468,,3579,*4,3579,2468,,1357,*4,1267,2378,,3489,*4,3489,2378,,1267