#s	0	250
$a	0	0.25	1,*3,1,,4,,7,,4,*3,7,*3,4,7,4,,1,,4,,1,*3,1,*3,4,,1,,4,,7,,4,*3,4,*3,4,,1,,4,,7,,9,,7,,4
$a	16	0.25	9,*3,9,,5,,1,,5,*3,1,*3,5,1,5,,9,,1,,5,*3,9,*3,5,,5,,5,,5,,5,9,,,5,*4,5,,,9,,1,*3,5
$a	32	0.25	5,*3,5,,6,,7,,6,*3,7,*3,6,7,6,,5,,7,,6,*3,5,*3,6,,5,,6,,7,,6,*3,6,*3,6,,5,,6,,7,,8,,7,,6
$b	32	1*8	1,1,3,3
$a	48	0.25	5,*3,5,,6,,7,,6,*3,7,*3,6,7,6,,5,,6,,5,*3,5,*3,6,,6,,6,,6,,5,*3,6,*3,5,,5,,6,,7,,8,,7,,6
$a	64	0.5*2	4,*3,9,8,,6,,5,,5,9,8,,6,,5,,4,,4,5,6,,4,,5,,6,5,4
$b	64	0.5	1,*6,1,2,*6,2,3,*6,3,2,*6,2
$b	80	0.5	1,,1,,1,,1,1,2,,2,,2,,2,2,3,,3,,3,,3,3,2,,2,,2,,2,2
$a	96	0.25*2	6,*3,7,,8,,6,,7,*3,8,*3,8,9,8,,7,,8,,7,*3,6,*3,7,,6,,7,,8,,7,*3,7,*3,7,,6,,7,,8,,9,,8,,7,
$b	96	1*2	1,3,1,3,2,4,2,4,3,5,3,5,2,4,2,4
#l	126	500
#l	128	100
#d	128
$a	128	0.25*2	6,*3,7,,8,,6,,7,*3,8,*3,8,9,8,,7,,8,,7,*3,6,*3,7,,6,,7,,8,,7,*3,7,*3,7,,6,,7,,8,,9,,8,,7,
$b	128	0.5*2	1,3,1,3,1,3,1,3,2,4,2,4,2,4,2,4,3,5,3,5,3,5,3,5,2,4,2,4,2,4,2,4
$a	160	0.5*2	24,*3,68,24,,68,,24,,24,68,24,,68,,24,,68,,24,68,24,,24,,68,,24,68,24
#f	176
#f	192
$?	192	0.5	*4,0,0,,0,*4,0,0,,0,*4,0,0,,0,*4,0,0,,0,*4,0,0,,0,*4,0,0,,0,*4,0,0,,0,*4,0,0,,0