#s	0	200
$b	0	0.5*3	3,*3,7,*2,5
$b	12	2	37,28
$b	16	0.5*3	1,*3,9,*2,5
$b	28	2	19,28
$b	32	1*2	3,5,7,5,2,5,8,5,1,5,9,5,19,5,28,5
%32	16*10
	#f	16
$b	64	0.5*2	4,,4,,4,,4,4,5,,5,,5,,5,5,6,,6,,6,,6,6,8,,8,,8,,8,8
%80	2*8
	#l	1	475
	#l	2	525
$a	96	0.5*2	1,,6,1,6,1,,6,,2,7,2,7,2,,7,,3,8,3,8,3,,8,,4,9,4,9,4,9,4
#l	126	525
#l	128	100
#d	128
$a	128	0.5*2	1,,3,5,1,3,,5,,2,4,6,2,4,,6,,3,5,7,3,5,,7,,4,6,8,4,6,8,4
$a	160	0.5*2	5,*3,9,8,,7,,6,,6,9,8,,7,,6,,5,,5,6,7,,5,,6,,7,6,5
$a	192	0.5	*4,1,2,,3,*4,9,8,,7,*4,2,3,,4,*4,8,7,,6,*4,3,4,,5,*4,7,6,,5,*4,4,5,,6,*4,6,5,,4